BL
7.956318252730109,8.939974457215836,5.547226386806597,8.187134502923977,9.739524348810871,5.904059040590406,7.0855614973262036,5.736636245110821,4.193548387096774,9.720176730486008
20.103425985778927,16.621803499327054,19.03039073806078,18.745595489781536,17.000691085003456,21.37219186399514,17.479674796747968,19.15159076731129,19.61459050240881,14.366998577524893
27.233676975945016,27.04156479217604,32.72884283246977,32.81707827542905,30.138248847926267,24.904030710172744,28.551787351054077,23.650793650793652,31.14323258869908,29.780833691448215
31.576980568011958,34.93449781659389,31.776416539050537,35.58155540261528,32.22801788375559,37.6937984496124,32.650695517774345,30.484988452655887,32.9557157569516,34.130434782608695
43.91707583196945,38.86397608370702,40.58873478630059,38.15829070117364,40.94380796508456,43.691345151199165,49.57943925233645,45.82446808510638,44.7327852004111,47.869010353960995
50.368923611111114,46.864686468646866,49.40914158305463,53.35270915507577,47.38946378174977,41.611082606464855,41.948823985525976,41.10101549973276,47.82419495213229,51.23032587009532

LB

6.122448979591836,7.366482504604051,6.174334140435835,5.409836065573771,7.183908045977011,7.956989247311828,6.4,6.179775280898877,6.209150326797386,6.405693950177936,4.975530179445351
7.327905255366395,6.866077498300476,7.064471879286694,8.403361344537815,7.119095143047239,7.303807303807304,8.49967804249839,7.805502239283429,6.868131868131868,7.231920199501247
7.75058275058275,7.0816418583671625,6.699507389162561,8.030168589174801,7.498766650222003,6.5288868013151715,5.863342566943675,9.341368919500646,6.0887512899896805,16.982456140350877
21.34471718249733,15.725359911406423,18.754448398576514,16.0844250363901,16.742877242349632,15.793413173652695,24.046434494195687,31.482593037214887,29.29164007657945,36.83381464951431
29.43911653589073,38.34183673469388,26.715912588488766,34.47519868457112,23.20907617504052,38.962802063535165,34.10704533042053,29.844961240310077,41.90571214766775,48.485499462943075
49.98948032821376,39.42165101334651,40.480274442538594,42.49278152069297,43.685061186792886,45.94348222424795,46.921871502126706,46.94240604847676,41.180830039525695

MECT
5.35279805352798,5.170068027210885,7.152875175315568,6.363636363636363,6.064209274673009,7.615480649188514,8.087291399229782,7.823613086770981,6.095551894563426,6.815020862308762
6.816834617664493,7.276239536381198,5.609284332688588,6.4780342516753535,7.481125600549073,6.409322651128915,7.755102040816326,6.936026936026936,8.365019011406844,7.748344370860927
20.625942684766216,7.489451476793249,10.207401382675885,7.4400391581008325,7.998171846435101,7.424593967517401,5.866523143164693,7.12719298245614,8.180058083252662,7.695917409666823
32.80912735121801,20.26143790849673,16.526508226691043,25.21594684385382,27.4746192893401,11.65197393637409,20.147939415287073,13.002980625931446,16.212177810982443,20.524017467248907
41.36774193548387,36.20546810273405,28.644424406372107,29.33488237002614,30.837004405286343,36.27582506037027,33.389830508474574,32.01603665521191,35.26834611171961,34.66299862448418
41.44018583042973,44.09952065738416,42.99505533317636,41.61520190023753,42.71553711387736,39.946962391513985,40.00471475719,38.837994214079075,48.795698924731184,52.17655395829115

C
7.2840790842872005,6.026785714285714,6.562054208273895,6.045751633986928,6.3559322033898304,7.670454545454546,9.101941747572816,4.0,6.164383561643835,7.252440725244073,7.472067039106145
6.73469387755102,5.660377358490566,5.895865237366003,6.997084548104956,5.1440329218107,7.040328092959672,7.341772151898734,7.426470588235294,7.818411097099622,11.568799298860649
9.444985394352482,7.448342143200384,6.891109942135718,12.57918552036199,6.763035622096025,6.9965017491254375,7.231800766283525,9.286047596826878,6.854043392504931,23.16947404606394
21.127259836937256,22.24199288256228,14.507154213036566,18.055032039200906,9.499575911789652,17.12354487420203,14.06127258444619,10.642737896494157,19.3756727664155,25.376884422110553
39.561290322580646,27.709025052822216,36.40245529757139,34.29718875502008,32.06857785272625,26.877715704531347,34.494574528840666,34.94136460554371,28.38671760211578,41.177867489907385
39.442133594323465,41.05188005711566,42.54302103250478,40.235571260306244,33.550135501355015,42.89648840945605,41.78927384907451,40.455978656318216,34.24980361351139

BL
7.3010159849097604,18.348695330593987,28.799008971611393,33.40131011696302,43.41689334112494,47.11003675135893
1.9112764744054807,2.0137956852575707,3.1112050572563645,2.1774907490302446,3.7734216895334733,4.28806115499131

LB
6.398558974619444,7.448995077376085,8.186547295560933,22.609972320237706,34.54871609635616,44.11753758955131
0.8482479833131028,0.5924148121756642,3.255203651317714,7.565154551394157,7.605592096434896,3.54242341364584

MECT
6.654054478642527,7.087533334919866,9.005529213482898,20.382672887542366,33.80025581801631,43.26274250809105
1.0143841705093604,0.8039986677080814,4.223214595259968,6.592173681142312,3.811311425989134,4.194766211028369

C
6.721444587567726,7.162783517237722,9.666452617295132,17.20111274271951,33.591677721165944,39.579365108218376
1.2862359547296223,1.7672251561668422,5.0884132059508325,5.083461324508272,4.86844687736743,3.406102722395995

